0.000184254 4.5659e-05 -6.94391e-05
0.000184254 4.5659e-05 -6.94391e-05
0.000184254 4.5659e-05 -6.94391e-05
0.000184254 4.5659e-05 -6.94391e-05
0.000184254 4.5659e-05 -6.94391e-05
0.000184254 4.5659e-05 -6.94391e-05
0.000184254 4.5659e-05 -6.94391e-05
0.000184254 4.5659e-05 -6.94391e-05
0.000184254 4.5659e-05 -6.94391e-05
0.000184254 4.5659e-05 -6.94391e-05
0.000184254 4.5659e-05 -6.94391e-05
0.000184254 4.5659e-05 -6.94391e-05
0.000184254 4.5659e-05 -6.94391e-05
0.000184254 4.5659e-05 -6.94391e-05
0.000184254 4.5659e-05 -6.94391e-05
0.000184254 4.5659e-05 -6.94391e-05
0.000184254 4.5659e-05 -6.94391e-05
0.000184254 4.5659e-05 -6.94391e-05
0.000184254 4.5659e-05 -6.94391e-05
0.000184254 4.5659e-05 -6.94391e-05
0.000184254 4.5659e-05 -6.94391e-05
0.000184254 4.5659e-05 -6.94391e-05
0.000184254 4.5659e-05 -6.94391e-05
0.000184254 4.5659e-05 -6.94391e-05
0.000184254 4.5659e-05 -6.94391e-05
0.000184254 4.5659e-05 -6.94391e-05
0.000184254 4.5659e-05 -6.94391e-05
0.000184254 4.5659e-05 -6.94391e-05
0.000184254 4.5659e-05 -6.94391e-05
0.000184254 4.5659e-05 -6.94391e-05
0.000184254 4.5659e-05 -6.94391e-05
0.000184254 4.5659e-05 -6.94391e-05
0.000184254 4.5659e-05 -6.94391e-05
0.000184254 4.5659e-05 -6.94391e-05
0.000184254 4.5659e-05 -6.94391e-05
0.000184254 4.5659e-05 -6.94391e-05
0.000184254 4.5659e-05 -6.94391e-05
0.000184254 4.5659e-05 -6.94391e-05
0.000184254 4.5659e-05 -6.94391e-05
0.000184254 4.5659e-05 -6.94391e-05
0.000184254 4.5659e-05 -6.94391e-05
0.000184254 4.5659e-05 -6.94391e-05
0.000184254 4.5659e-05 -6.94391e-05
0.000184254 4.5659e-05 -6.94391e-05
0.000184254 4.5659e-05 -6.94391e-05
0.000184254 4.5659e-05 -6.94391e-05
0.000184254 4.5659e-05 -6.94391e-05
0.000184254 4.5659e-05 -6.94391e-05
0.000184254 4.5659e-05 -6.94391e-05
0.000184254 4.5659e-05 -6.94391e-05
0.000184254 4.5659e-05 -6.94391e-05
0.000184254 4.5659e-05 -6.94391e-05
0.000184254 4.5659e-05 -6.94391e-05
0.000184254 4.5659e-05 -6.94391e-05
0.000184254 4.5659e-05 -6.94391e-05
0.000184254 4.5659e-05 -6.94391e-05
0.000184254 4.5659e-05 -6.94391e-05
0.000184254 4.5659e-05 -6.94391e-05
0.000184254 4.5659e-05 -6.94391e-05
0.000184254 4.5659e-05 -6.94391e-05
0.000184254 4.5659e-05 -6.94391e-05
0.000184254 4.5659e-05 -6.94391e-05
0.000184254 4.5659e-05 -6.94391e-05
0.000184254 4.5659e-05 -6.94391e-05
0.000184254 4.5659e-05 -6.94391e-05
0.000184254 4.5659e-05 -6.94391e-05
0.000184254 4.5659e-05 -6.94391e-05
0.000184254 4.5659e-05 -6.94391e-05
0.000184254 4.5659e-05 -6.94391e-05
0.000184254 4.5659e-05 -6.94391e-05
0.000184254 4.5659e-05 -6.94391e-05
0.000184254 4.5659e-05 -6.94391e-05
0.000184254 4.5659e-05 -6.94391e-05
0.000184254 4.5659e-05 -6.94391e-05
0.000184254 4.5659e-05 -6.94391e-05
0.000184254 4.5659e-05 -6.94391e-05
0.000184254 4.5659e-05 -6.94391e-05
0.000184254 4.5659e-05 -6.94391e-05
0.000184254 4.5659e-05 -6.94391e-05
0.000184254 4.5659e-05 -6.94391e-05
0.000184254 4.5659e-05 -6.94391e-05
0.000184254 4.5659e-05 -6.94391e-05
2.27853 1.32212 1.78682
2.27851 1.32205 1.78148
2.27849 1.32198 1.77614
2.27049 1.31727 1.76459
2.27047 1.3172 1.75926
2.26247 1.3125 1.74777
2.26246 1.31243 1.74246
2.26244 1.31235 1.73716
2.25544 1.30823 1.7265
2.25542 1.30816 1.72121
2.2554 1.30809 1.71592
2.2484 1.30396 1.70533
2.24838 1.30389 1.70006
2.25535 1.30787 1.70005
2.25533 1.3078 1.69476
2.2623 1.31178 1.69471
2.26228 1.31171 1.6894
2.27025 1.31626 1.69004
2.27822 1.32082 1.69064
2.28518 1.3248 1.69046
2.29315 1.32935 1.69099
2.29313 1.32928 1.68561
2.3011 1.33383 1.68608
2.30108 1.33376 1.68068
2.30106 1.33369 1.67528
2.30104 1.33361 1.66989
2.29304 1.32892 1.65871
2.29303 1.32884 1.65334
2.29301 1.32877 1.64796
2.28501 1.32407 1.63686
2.27801 1.31995 1.62651
2.27799 1.31988 1.62117
2.27797 1.31981 1.61582
2.26997 1.31511 1.60484
2.26198 1.31041 1.59389
2.26196 1.31034 1.58858
2.25496 1.30623 1.57838
2.26192 1.3102 1.57797
2.26191 1.31013 1.57266
2.26987 1.31468 1.57289
2.27783 1.31923 1.57307
2.29278 1.32782 1.57803
2.30075 1.33237 1.57813
2.32367 1.34559 1.58842
2.3486 1.35996 1.59996
2.37252 1.37375 1.6107
2.38946 1.38349 1.61661
2.4064 1.39323 1.62244
2.42334 1.40298 1.62819
2.4323 1.4081 1.62852
2.44027 1.41264 1.62814
2.44923 1.41776 1.62838
2.44921 1.41768 1.62264
2.44919 1.4176 1.61689
2.44019 1.41233 1.60524
2.43219 1.40763 1.59428
2.41422 1.39716 1.57684
2.40622 1.39247 1.56599
2.38924 1.38258 1.54934
2.37227 1.37269 1.53278
2.35629 1.36338 1.51694
2.34829 1.35869 1.50629
2.3393 1.35342 1.49504
2.33928 1.35335 1.48955
2.34824 1.35846 1.48976
2.34822 1.35839 1.48425
2.35618 1.36293 1.48376
2.36414 1.36747 1.48324
2.37211 1.37201 1.48268
2.37209 1.37194 1.47712
2.38005 1.37648 1.4765
2.38003 1.3764 1.47092
2.37203 1.37171 1.46042
2.36404 1.36702 1.44996
2.36402 1.36695 1.44441
2.35602 1.36226 1.434
2.34802 1.35757 1.42364
2.33903 1.35231 1.41271
2.33103 1.34762 1.40242
2.32304 1.34293 1.39216
2.30806 1.33421 1.37778
0.000184254 4.5659e-05 -6.94391e-05
0.000184254 4.5659e-05 -6.94391e-05
2.29205 1.32477 1.35212
2.28405 1.32008 1.34205
2.27705 1.31597 1.3326
2.27704 1.3159 1.32726
2.284 1.31986 1.32597
2.277 1.31576 1.31657
2.28397 1.31972 1.31525
2.29991 1.32887 1.31904
2.30787 1.3334 1.3182
2.31483 1.33736 1.31676
2.33077 1.34651 1.32036
2.3477 1.35623 1.32446
2.35566 1.36076 1.32343
2.36362 1.36529 1.32237
2.38854 1.37962 1.33071
2.3965 1.38415 1.32953
2.40545 1.38926 1.32886
2.40543 1.38918 1.32322
2.41339 1.39371 1.32194
2.41337 1.39364 1.31628
2.41336 1.39356 1.31061
2.40536 1.38888 1.30064
2.39637 1.38362 1.29016
0.000184254 4.5659e-05 -6.94391e-05
0.000184254 4.5659e-05 -6.94391e-05
2.36341 1.36439 1.2558
2.36339 1.36432 1.25025
2.36337 1.36424 1.2447
2.35538 1.35956 1.23497
2.34738 1.35488 1.22528
2.34736 1.35481 1.21977
2.34735 1.35474 1.21426
2.34733 1.35466 1.20875
2.35529 1.35919 1.20733
2.35527 1.35911 1.2018
